Kaldoaivi:
  E: 29.140453
  N: 70.097624
  S: 69.286384
  W: 27.162246
