Muotkatunturi: 
  N: 69.398538
  S: 68.909230
  W: 25.742148
  E: 26.982602