UKK:
  N: 68.467111524196
  S: 67.829268512217
  W: 27.109275217159
  E: 29.477336908773